Neighborhood,Price,Bedrooms,Bathrooms,House Size,Description,Neighborhood Description
Green Oaks,"$800,000",3,2,"2,000 sqft","Welcome to this eco-friendly oasis nestled in the heart of Green Oaks. This charming 3-bedroom, 2-bathroom home boasts energy-efficient features such as solar panels and a well-insulated structure. Natural light floods the living spaces, highlighting the beautiful hardwood floors and eco-conscious finishes. The open-concept kitchen and dining area lead to a spacious backyard with a vegetable garden, perfect for the eco-conscious family. Embrace sustainable living without compromising on style in this Green Oaks gem.","Green Oaks is a close-knit, environmentally-conscious community with access to organic grocery stores, community gardens, and bike paths. Take a stroll through the nearby Green Oaks Park or grab a cup of coffee at the cozy Green Bean Cafe. With easy access to public transportation and bike lanes, commuting is a breeze."
Oceanfront Villa,"$1,500,000",4,3,"3,500 sqft","Luxurious oceanfront villa with breathtaking views of the sea. This 4-bedroom, 3-bathroom home features high-end finishes, a gourmet kitchen, and a private infinity pool. Enjoy the sound of the waves from your spacious terrace or take a stroll along the sandy beach just steps away from your front door. Perfect for those seeking a peaceful retreat by the sea.","Located in a prestigious oceanfront community with exclusive access to a private beach club, tennis courts, and fine dining restaurants. Experience the ultimate coastal lifestyle in this stunning villa."
Mountain Retreat,"$600,000",2,2,"1,800 sqft","Escape to this cozy mountain retreat nestled in the heart of the forest. This 2-bedroom, 2-bathroom home features a wood-burning fireplace, vaulted ceilings, and a wrap-around deck with panoramic views of the surrounding mountains. Perfect for nature lovers and outdoor enthusiasts.","Located in a secluded mountain community with hiking trails, fishing lakes, and ski slopes nearby. Enjoy the tranquility of mountain living while still being just a short drive away from town."
City Loft,"$400,000",1,1,"900 sqft","Modern city loft with industrial-chic design and open floor plan. This 1-bedroom, 1-bathroom home features exposed brick walls, high ceilings, and oversized windows with city views. The sleek kitchen is perfect for entertaining, and the building offers amenities such as a rooftop terrace and fitness center.","Located in the vibrant downtown district with trendy restaurants, art galleries, and boutique shops just steps away. Experience urban living at its finest in this stylish city loft."
Beachfront Bungalow,"$750,000",3,2,"1,500 sqft","Charming beachfront bungalow with direct access to the sand and surf. This 3-bedroom, 2-bathroom home features a cozy living room with a fireplace, a sunroom overlooking the ocean, and a spacious deck for al fresco dining. Wake up to the sound of the waves and enjoy stunning sunsets from your own backyard.","Situated in a lively beach community with beach volleyball courts, surf schools, and beachfront cafes. Experience the laid-back coastal lifestyle in this beachfront bungalow."
Historic Manor,"$2,000,000",5,4,"4,500 sqft","Stately historic manor with elegant architecture and timeless charm. This 5-bedroom, 4-bathroom home features grand living spaces, a gourmet kitchen, and a lush garden with a fountain. The master suite boasts a private balcony overlooking the manicured grounds. Perfect for those who appreciate classic design and luxurious living.","Located in a prestigious historic district with tree-lined streets and historic landmarks. Enjoy the convenience of being just a short walk away from museums, theaters, and fine dining restaurants."
Ski Chalet,"$800,000",4,3,"2,200 sqft","Cozy ski chalet with rustic charm and modern amenities. This 4-bedroom, 3-bathroom home features a stone fireplace, a hot tub on the deck, and a game room with a pool table. The open-concept kitchen and dining area are perfect for apres-ski gatherings with family and friends.","Located in a popular ski resort town with access to world-class ski slopes, snowboarding parks, and apres-ski bars. Experience the thrill of winter sports and cozy mountain living in this charming ski chalet."
Lakefront Cottage,"$500,000",2,1,"1,200 sqft","Quaint lakefront cottage with stunning views of the water. This 2-bedroom, 1-bathroom home features a cozy living room with a wood-burning stove, a screened-in porch overlooking the lake, and a private dock for fishing and boating. Enjoy peaceful mornings watching the sunrise over the water.","Located in a serene lakefront community with hiking trails, fishing spots, and a community marina. Escape the hustle and bustle of city life and relax in this charming lakefront cottage."
Luxury Penthouse,"$3,000,000",3,3,"3,000 sqft","Luxury penthouse with panoramic city views and top-of-the-line finishes. This 3-bedroom, 3-bathroom home features a gourmet kitchen, a private rooftop terrace, and a spa-like master suite. The open-concept living and dining area are perfect for entertaining guests in style.","Located in a prestigious high-rise building with 24-hour concierge service, a fitness center, and a rooftop pool. Experience the height of luxury living in this stunning penthouse."
